        1170         205         785         551

		
        1130         186         817         417


        1253         199         822         879


        1171         138         810         413


        1222         168         802         432


        1442         436        1067         680


        1239         397         771         942


        1399          45         789         880

	
        1244         191         789         872

	
        1701         135         973         883

	
        1370         279         802         555

	
        1370         223         973         823

	
        1458         181         973         834

	
        1363          45         742         880

	
        1410          45         742         902