          50        1101         762         898


          91        1101         787         898


          84        1255         715         964


          94        1360         811        1022


          80        1367         841        1006


          37        1116         763         898


          37        1104         757         899


          12        1148         681         900


          12        1107         675         890


          12        1071         675         873


          12        1071         675         873


          12        1105         730         899


          54        1130         556         891


          36        1177         617         940


          46        1057         557         771